Scene 	start	 end 	story
1.	0	1.43	0
2.	1.43	4.40	4
3.	4.40	6.09	2,3
4.	6.09	8.21	2,3
5.	8.21	10.42	2,3
6.	10.42	12.20	5
7.	12.20	14.31	2,5
8.	14.31	18.01	2,5
9.	18.01	18.44	5
10.	18.44	20.23	5
11.	20.23	23.35	2,3,4
12.	23.35	24.25	4
13.	24.25	27.32	5,6
16.	27.32	30.36	2
17.	30.36	32.23	4
18.	32.23	32.55	5, 6
19.	32.55	34.09	2
20.	34.09	35.54	2, 3
21.	35.54	36.45	2
22.	36.45	40.28	4
23.	40.28	42.15	2, 3
24.	42.15	44.51	2,3
25.	44.51	46.17	2
26.	46.17	50.15	2,3
27.	50.15	52.00	2
28.	52.00	53.00	0	
